[[2,1,1,3],[3,2,4],[5,6],[11]]
[[2,1,1,4],[3,2,5],[5,7],[12]]
[[2,1,1,5],[3,2,6],[5,8],[13]]
[[3,1,1,2],[4,2,3],[6,5],[11]]
[[4,1,1,2],[5,2,3],[7,5],[12]]
[[5,1,1,2],[6,2,3],[8,5],[13]]
[[1,1,2,5],[2,3,7],[5,10],[15]]
[[2,1,2,4],[3,3,6],[6,9],[15]]
[[2,1,2,6],[3,3,8],[6,11],[17]]
[[4,1,2,3],[5,3,5],[8,8],[16]]
[[5,1,2,1],[6,3,3],[9,6],[15]]
[[6,1,2,1],[7,3,3],[10,6],[16]]
[[1,1,3,3],[2,4,6],[6,10],[16]]
[[2,1,3,1],[3,4,4],[7,8],[15]]
[[2,1,3,4],[3,4,7],[7,11],[18]]
[[3,1,3,5],[4,4,8],[8,12],[20]]
[[3,1,3,8],[4,4,11],[8,15],[23]]
[[4,1,3,2],[5,4,5],[9,9],[18]]
[[5,1,3,3],[6,4,6],[10,10],[20]]
[[6,1,3,4],[7,4,7],[11,11],[22]]
[[7,1,3,1],[8,4,4],[12,8],[20]]
[[8,1,3,1],[9,4,4],[13,8],[21]]
[[3,1,4,1],[4,5,5],[9,10],[19]]
[[3,1,4,5],[4,5,9],[9,14],[23]]
[[4,1,4,6],[5,5,10],[10,15],[25]]
[[5,1,4,2],[6,5,6],[11,11],[22]]
[[7,1,4,4],[8,5,8],[13,13],[26]]
[[8,1,4,5],[9,5,9],[14,14],[28]]
[[9,1,4,1],[10,5,5],[15,10],[25]]
[[4,1,5,1],[5,6,6],[11,12],[23]]
[[4,1,5,6],[5,6,11],[11,17],[28]]
[[5,1,5,7],[6,6,12],[12,18],[30]]
[[6,1,5,2],[7,6,7],[13,13],[26]]
[[9,1,5,5],[10,6,10],[16,16],[32]]
[[5,1,6,1],[6,7,7],[13,14],[27]]
[[5,1,6,7],[6,7,13],[13,20],[33]]
[[6,1,6,8],[7,7,14],[14,21],[35]]
[[7,1,6,2],[8,7,8],[15,15],[30]]
[[6,1,7,1],[7,8,8],[15,16],[31]]
[[6,1,7,8],[7,8,15],[15,23],[38]]
[[7,1,7,9],[8,8,16],[16,24],[40]]
[[8,1,7,2],[9,8,9],[17,17],[34]]
[[7,1,8,1],[8,9,9],[17,18],[35]]
[[7,1,8,9],[8,9,17],[17,26],[43]]
[[9,1,8,2],[10,9,10],[19,19],[38]]
[[8,1,9,1],[9,10,10],[19,20],[39]]
[[1,2,1,5],[3,3,6],[6,9],[15]]
[[1,2,1,6],[3,3,7],[6,10],[16]]
[[3,2,1,4],[5,3,5],[8,8],[16]]
[[4,2,1,2],[6,3,3],[9,6],[15]]
[[5,2,1,1],[7,3,2],[10,5],[15]]
[[6,2,1,2],[8,3,3],[11,6],[17]]
[[4,2,2,6],[6,4,8],[10,12],[22]]
[[4,2,2,8],[6,4,10],[10,14],[24]]
[[6,2,2,4],[8,4,6],[12,10],[22]]
[[8,2,2,4],[10,4,6],[14,10],[24]]
[[1,2,3,2],[3,5,5],[8,10],[18]]
[[1,2,3,5],[3,5,8],[8,13],[21]]
[[2,2,3,1],[4,5,4],[9,9],[18]]
[[3,2,3,7],[5,5,10],[10,15],[25]]
[[4,2,3,3],[6,5,6],[11,11],[22]]
[[5,2,3,4],[7,5,7],[12,12],[24]]
[[6,2,3,5],[8,5,8],[13,13],[26]]
[[8,2,3,2],[10,5,5],[15,10],[25]]
[[4,2,4,8],[6,6,12],[12,18],[30]]
[[8,2,4,6],[10,6,10],[16,16],[32]]
[[3,2,5,2],[5,7,7],[12,14],[26]]
[[3,2,5,7],[5,7,12],[12,19],[31]]
[[5,2,5,9],[7,7,14],[14,21],[35]]
[[7,2,5,4],[9,7,9],[16,16],[32]]
[[8,2,5,5],[10,7,10],[17,17],[34]]
[[2,2,6,6],[4,8,12],[12,20],[32]]
[[4,2,6,2],[6,8,8],[14,16],[30]]
[[4,2,6,8],[6,8,14],[14,22],[36]]
[[8,2,6,4],[10,8,10],[18,18],[36]]
[[5,2,7,2],[7,9,9],[16,18],[34]]
[[5,2,7,9],[7,9,16],[16,25],[41]]
[[9,2,7,4],[11,9,11],[20,20],[40]]
[[6,2,8,2],[8,10,10],[18,20],[38]]
[[7,2,9,2],[9,11,11],[20,22],[42]]
[[1,3,1,2],[4,4,3],[8,7],[15]]
[[1,3,1,7],[4,4,8],[8,12],[20]]
[[1,3,1,8],[4,4,9],[8,13],[21]]
[[2,3,1,4],[5,4,5],[9,9],[18]]
[[3,3,1,1],[6,4,2],[10,6],[16]]
[[3,3,1,5],[6,4,6],[10,10],[20]]
[[4,3,1,2],[7,4,3],[11,7],[18]]
[[4,3,1,6],[7,4,7],[11,11],[22]]
[[5,3,1,3],[8,4,4],[12,8],[20]]
[[8,3,1,3],[11,4,4],[15,8],[23]]
[[1,3,2,2],[4,5,4],[9,9],[18]]
[[2,3,2,1],[5,5,3],[10,8],[18]]
[[2,3,2,8],[5,5,10],[10,15],[25]]
[[3,3,2,4],[6,5,6],[11,11],[22]]
[[4,3,2,5],[7,5,7],[12,12],[24]]
[[5,3,2,1],[8,5,3],[13,8],[21]]
[[5,3,2,6],[8,5,8],[13,13],[26]]
[[7,3,2,3],[10,5,5],[15,10],[25]]
[[6,3,3,9],[9,6,12],[15,18],[33]]
[[9,3,3,6],[12,6,9],[18,15],[33]]
[[1,3,4,3],[4,7,7],[11,14],[25]]
[[1,3,4,7],[4,7,11],[11,18],[29]]
[[3,3,4,2],[6,7,6],[13,13],[26]]
[[5,3,4,4],[8,7,8],[15,15],[30]]
[[7,3,4,6],[10,7,10],[17,17],[34]]
[[8,3,4,7],[11,7,11],[18,18],[36]]
[[2,3,5,3],[5,8,8],[13,16],[29]]
[[2,3,5,8],[5,8,13],[13,21],[34]]
[[3,3,5,1],[6,8,6],[14,14],[28]]
[[7,3,5,5],[10,8,10],[18,18],[36]]
[[8,3,5,6],[11,8,11],[19,19],[38]]
[[4,3,7,3],[7,10,10],[17,20],[37]]
[[5,3,8,3],[8,11,11],[19,22],[41]]
[[3,3,9,9],[6,12,18],[18,30],[48]]
[[6,3,9,3],[9,12,12],[21,24],[45]]
[[1,4,1,3],[5,5,4],[10,9],[19]]
[[1,4,1,9],[5,5,10],[10,15],[25]]
[[2,4,1,5],[6,5,6],[11,11],[22]]
[[4,4,1,7],[8,5,8],[13,13],[26]]
[[5,4,1,3],[9,5,4],[14,9],[23]]
[[5,4,1,8],[9,5,9],[14,14],[28]]
[[6,4,1,4],[10,5,5],[15,10],[25]]
[[6,4,2,8],[10,6,10],[16,16],[32]]
[[8,4,2,4],[12,6,6],[18,12],[30]]
[[2,4,3,3],[6,7,6],[13,13],[26]]
[[3,4,3,1],[7,7,4],[14,11],[25]]
[[4,4,3,5],[8,7,8],[15,15],[30]]
[[6,4,3,7],[10,7,10],[17,17],[34]]
[[7,4,3,1],[11,7,4],[18,11],[29]]
[[7,4,3,8],[11,7,11],[18,18],[36]]
[[1,4,5,4],[5,9,9],[14,18],[32]]
[[1,4,5,9],[5,9,14],[14,23],[37]]
[[4,4,5,3],[8,9,8],[17,17],[34]]
[[6,4,5,5],[10,9,10],[19,19],[38]]
[[9,4,5,8],[13,9,13],[22,22],[44]]
[[2,4,6,4],[6,10,10],[16,20],[36]]
[[4,4,6,2],[8,10,8],[18,18],[36]]
[[8,4,6,6],[12,10,12],[22,22],[44]]
[[3,4,7,4],[7,11,11],[18,22],[40]]
[[4,4,7,1],[8,11,8],[19,19],[38]]
[[5,4,9,4],[9,13,13],[22,26],[48]]
[[1,5,1,4],[6,6,5],[12,11],[23]]
[[2,5,1,6],[7,6,7],[13,13],[26]]
[[5,5,1,9],[10,6,10],[16,16],[32]]
[[6,5,1,4],[11,6,5],[17,11],[28]]
[[7,5,1,5],[12,6,6],[18,12],[30]]
[[2,5,2,3],[7,7,5],[14,12],[26]]
[[4,5,2,7],[9,7,9],[16,16],[32]]
[[5,5,2,8],[10,7,10],[17,17],[34]]
[[7,5,2,3],[12,7,5],[19,12],[31]]
[[9,5,2,5],[14,7,7],[21,14],[35]]
[[1,5,3,3],[6,8,6],[14,14],[28]]
[[3,5,3,2],[8,8,5],[16,13],[29]]
[[5,5,3,7],[10,8,10],[18,18],[36]]
[[6,5,3,8],[11,8,11],[19,19],[38]]
[[8,5,3,2],[13,8,5],[21,13],[34]]
[[3,5,4,4],[8,9,8],[17,17],[34]]
[[4,5,4,1],[9,9,5],[18,14],[32]]
[[5,5,4,6],[10,9,10],[19,19],[38]]
[[8,5,4,9],[13,9,13],[22,22],[44]]
[[9,5,4,1],[14,9,5],[23,14],[37]]
[[1,5,6,5],[6,11,11],[17,22],[39]]
[[5,5,6,4],[10,11,10],[21,21],[42]]
[[7,5,6,6],[12,11,12],[23,23],[46]]
[[2,5,7,5],[7,12,12],[19,24],[43]]
[[5,5,7,3],[10,12,10],[22,22],[44]]
[[9,5,7,7],[14,12,14],[26,26],[52]]
[[3,5,8,5],[8,13,13],[21,26],[47]]
[[5,5,8,2],[10,13,10],[23,23],[46]]
[[4,5,9,5],[9,14,14],[23,28],[51]]
[[5,5,9,1],[10,14,10],[24,24],[48]]
[[1,6,1,5],[7,7,6],[14,13],[27]]
[[2,6,1,7],[8,7,8],[15,15],[30]]
[[7,6,1,5],[13,7,6],[20,13],[33]]
[[8,6,1,6],[14,7,7],[21,14],[35]]
[[2,6,2,4],[8,8,6],[16,14],[30]]
[[4,6,2,8],[10,8,10],[18,18],[36]]
[[6,6,2,2],[12,8,4],[20,12],[32]]
[[8,6,2,4],[14,8,6],[22,14],[36]]
[[2,6,4,4],[8,10,8],[18,18],[36]]
[[4,6,4,2],[10,10,6],[20,16],[36]]
[[6,6,4,8],[12,10,12],[22,22],[44]]
[[4,6,5,5],[10,11,10],[21,21],[42]]
[[5,6,5,1],[11,11,6],[22,17],[39]]
[[6,6,5,7],[12,11,12],[23,23],[46]]
[[1,6,7,6],[7,13,13],[20,26],[46]]
[[6,6,7,5],[12,13,12],[25,25],[50]]
[[8,6,7,7],[14,13,14],[27,27],[54]]
[[2,6,8,6],[8,14,14],[22,28],[50]]
[[6,6,8,4],[12,14,12],[26,26],[52]]
[[3,6,9,6],[9,15,15],[24,30],[54]]
[[6,6,9,3],[12,15,12],[27,27],[54]]
[[1,7,1,6],[8,8,7],[16,15],[31]]
[[2,7,1,8],[9,8,9],[17,17],[34]]
[[8,7,1,6],[15,8,7],[23,15],[38]]
[[9,7,1,7],[16,8,8],[24,16],[40]]
[[2,7,2,5],[9,9,7],[18,16],[34]]
[[4,7,2,9],[11,9,11],[20,20],[40]]
[[9,7,2,5],[16,9,7],[25,16],[41]]
[[3,7,3,4],[10,10,7],[20,17],[37]]
[[1,7,4,4],[8,11,8],[19,19],[38]]
[[4,7,4,3],[11,11,7],[22,18],[40]]
[[3,7,5,5],[10,12,10],[22,22],[44]]
[[5,7,5,2],[12,12,7],[24,19],[43]]
[[7,7,5,9],[14,12,14],[26,26],[52]]
[[5,7,6,6],[12,13,12],[25,25],[50]]
[[6,7,6,1],[13,13,7],[26,20],[46]]
[[7,7,6,8],[14,13,14],[27,27],[54]]
[[1,7,8,7],[8,15,15],[23,30],[53]]
[[7,7,8,6],[14,15,14],[29,29],[58]]
[[9,7,8,8],[16,15,16],[31,31],[62]]
[[2,7,9,7],[9,16,16],[25,32],[57]]
[[7,7,9,5],[14,16,14],[30,30],[60]]
[[1,8,1,7],[9,9,8],[18,17],[35]]
[[2,8,1,9],[10,9,10],[19,19],[38]]
[[9,8,1,7],[17,9,8],[26,17],[43]]
[[2,8,2,6],[10,10,8],[20,18],[38]]
[[3,8,3,5],[11,11,8],[22,19],[41]]
[[2,8,5,5],[10,13,10],[23,23],[46]]
[[5,8,5,3],[13,13,8],[26,21],[47]]
[[4,8,6,6],[12,14,12],[26,26],[52]]
[[6,8,6,2],[14,14,8],[28,22],[50]]
[[6,8,7,7],[14,15,14],[29,29],[58]]
[[7,8,7,1],[15,15,8],[30,23],[53]]
[[8,8,7,9],[16,15,16],[31,31],[62]]
[[1,8,9,8],[9,17,17],[26,34],[60]]
[[8,8,9,7],[16,17,16],[33,33],[66]]
[[1,9,1,8],[10,10,9],[20,19],[39]]
[[2,9,2,7],[11,11,9],[22,20],[42]]
[[3,9,3,6],[12,12,9],[24,21],[45]]
[[9,9,3,3],[18,12,6],[30,18],[48]]
[[4,9,4,5],[13,13,9],[26,22],[48]]
[[1,9,5,5],[10,14,10],[24,24],[48]]
[[5,9,5,4],[14,14,9],[28,23],[51]]
[[3,9,6,6],[12,15,12],[27,27],[54]]
[[6,9,6,3],[15,15,9],[30,24],[54]]
[[5,9,7,7],[14,16,14],[30,30],[60]]
[[7,9,7,2],[16,16,9],[32,25],[57]]
[[7,9,8,8],[16,17,16],[33,33],[66]]
[[8,9,8,1],[17,17,9],[34,26],[60]]
run(4) took 0.125 sec.
