[[1,1,2],[2,3],[5]]
[[2,1,1],[3,2],[5]]
[[2,1,2],[3,3],[6]]
[[3,1,3],[4,4],[8]]
[[4,1,4],[5,5],[10]]
[[5,1,5],[6,6],[12]]
[[6,1,6],[7,7],[14]]
[[7,1,7],[8,8],[16]]
[[8,1,8],[9,9],[18]]
[[9,1,9],[10,10],[20]]
[[1,2,1],[3,3],[6]]
[[2,2,4],[4,6],[10]]
[[3,2,3],[5,5],[10]]
[[4,2,2],[6,4],[10]]
[[4,2,4],[6,6],[12]]
[[5,2,5],[7,7],[14]]
[[6,2,6],[8,8],[16]]
[[7,2,7],[9,9],[18]]
[[8,2,8],[10,10],[20]]
[[9,2,9],[11,11],[22]]
[[1,3,1],[4,4],[8]]
[[2,3,2],[5,5],[10]]
[[3,3,6],[6,9],[15]]
[[4,3,4],[7,7],[14]]
[[5,3,5],[8,8],[16]]
[[6,3,3],[9,6],[15]]
[[6,3,6],[9,9],[18]]
[[7,3,7],[10,10],[20]]
[[8,3,8],[11,11],[22]]
[[9,3,9],[12,12],[24]]
[[1,4,1],[5,5],[10]]
[[2,4,2],[6,6],[12]]
[[3,4,3],[7,7],[14]]
[[4,4,8],[8,12],[20]]
[[5,4,5],[9,9],[18]]
[[6,4,6],[10,10],[20]]
[[7,4,7],[11,11],[22]]
[[8,4,4],[12,8],[20]]
[[8,4,8],[12,12],[24]]
[[9,4,9],[13,13],[26]]
[[1,5,1],[6,6],[12]]
[[2,5,2],[7,7],[14]]
[[3,5,3],[8,8],[16]]
[[4,5,4],[9,9],[18]]
[[6,5,6],[11,11],[22]]
[[7,5,7],[12,12],[24]]
[[8,5,8],[13,13],[26]]
[[9,5,9],[14,14],[28]]
[[1,6,1],[7,7],[14]]
[[2,6,2],[8,8],[16]]
[[3,6,3],[9,9],[18]]
[[4,6,4],[10,10],[20]]
[[5,6,5],[11,11],[22]]
[[7,6,7],[13,13],[26]]
[[8,6,8],[14,14],[28]]
[[9,6,9],[15,15],[30]]
[[1,7,1],[8,8],[16]]
[[2,7,2],[9,9],[18]]
[[3,7,3],[10,10],[20]]
[[4,7,4],[11,11],[22]]
[[5,7,5],[12,12],[24]]
[[6,7,6],[13,13],[26]]
[[8,7,8],[15,15],[30]]
[[9,7,9],[16,16],[32]]
[[1,8,1],[9,9],[18]]
[[2,8,2],[10,10],[20]]
[[3,8,3],[11,11],[22]]
[[4,8,4],[12,12],[24]]
[[5,8,5],[13,13],[26]]
[[6,8,6],[14,14],[28]]
[[7,8,7],[15,15],[30]]
[[9,8,9],[17,17],[34]]
[[1,9,1],[10,10],[20]]
[[2,9,2],[11,11],[22]]
[[3,9,3],[12,12],[24]]
[[4,9,4],[13,13],[26]]
[[5,9,5],[14,14],[28]]
[[6,9,6],[15,15],[30]]
[[7,9,7],[16,16],[32]]
[[8,9,8],[17,17],[34]]
run(3) took 0.031 sec.
